String
100
64
1
1 0 20
1
1 0 0
1
1 0 0
1
1 0 0
1
1 0 0
1
1 0 0
1
1 0 0
1
1 0 0
1
1 0 0
1
1 0 0
1
1 0 0
1
1 0 0
1
1 0 0
1
1 0 0
1
1 0 0
1
1 0 0
1
1 0 0
1
1 0 0
1
1 0 0
1
1 0 0
1
1 0 0
1
1 0 0
1
1 0 0
1
1 0 0
1
1 0 0
1
1 0 0
1
1 0 0
1
1 0 0
1
1 0 0
1
1 0 0
1
1 0 0
1
1 0 0
1
1 0 0
1
1 0 0
1
1 0 0
1
1 0 0
1
1 0 0
1
1 0 0
1
1 0 0
1
1 0 0
1
1 0 0
1
1 0 0
1
1 0 0
1
1 0 0
1
1 0 0
1
1 0 0
1
1 0 0
1
1 0 0
1
1 0 0
1
1 0 0
1
1 0 0
1
1 0 0
1
1 0 0
1
1 0 0
1
1 0 0
1
1 0 0
1
1 0 0
1
1 0 0
1
1 0 0
1
1 0 0
1
1 0 0
1
1 0 0
1
1 0 0
1
1 0 0
1
